0.0178	-0.02
0.01784	-0.02
0.01788	-0.02
0.01792	-0.02
0.01796	0
0.018	-0.04
0.01804	-0.04
0.01808	-0.02
0.01812	-0.02
0.01816	-0.02
0.0182	-0.02
0.01824	-0.04
0.01828	-0.02
0.01832	-0.04
0.01836	-0.02
0.0184	-0.04
0.01844	-0.04
0.01848	-0.04
0.01852	-0.04
0.01856	-0.04
0.0186	-0.04
0.01864	-0.08
0.01868	-0.06
0.01872	-0.04
0.01876	-0.04
0.0188	-0.04
0.01884	-0.06
0.01888	-0.06
0.01892	-0.08
0.01896	-0.06
0.019	-0.08
0.01904	-0.06
0.01908	-0.06
0.01912	-0.08
0.01916	-0.1
0.0192	-0.1
0.01924	-0.08
0.01928	-0.08
0.01932	-0.08
0.01936	-0.1
0.0194	-0.1
0.01944	-0.1
0.01948	-0.1
0.01952	-0.1
0.01956	-0.1
0.0196	-0.1
0.01964	-0.1
0.01968	-0.08
0.01972	-0.1
0.01976	-0.12
0.0198	-0.1
0.01984	-0.12
0.01988	-0.12
0.01992	-0.12
0.01996	-0.12
0.02	-0.14
0.02004	-0.12
0.02008	-0.12
0.02012	-0.14
0.02016	-0.14
0.0202	-0.14
0.02024	-0.14
0.02028	-0.14
0.02032	-0.14
0.02036	-0.14
0.0204	-0.14
0.02044	-0.14
0.02048	-0.16
0.02052	-0.14
0.02056	-0.16
0.0206	-0.16
0.02064	-0.16
0.02068	-0.16
0.02072	-0.16
0.02076	-0.18
0.0208	-0.16
0.02084	-0.16
0.02088	-0.16
0.02092	-0.18
0.02096	-0.16
0.021	-0.2
0.02104	-0.18
0.02108	-0.18
0.02112	-0.18
0.02116	-0.18
0.0212	-0.2
0.02124	-0.18
0.02128	-0.2
0.02132	-0.2
0.02136	-0.22
0.0214	-0.22
0.02144	-0.2
0.02148	-0.22
0.02152	-0.22
0.02156	-0.22
0.0216	-0.22
0.02164	-0.22
0.02168	-0.22
0.02172	-0.22
0.02176	-0.24
0.0218	-0.24
0.02184	-0.24
0.02188	-0.24
0.02192	-0.24
0.02196	-0.24
0.022	-0.22
0.02204	-0.24
0.02208	-0.26
0.02212	-0.24
0.02216	-0.26
0.0222	-0.26
0.02224	-0.26
0.02228	-0.28
0.02232	-0.28
0.02236	-0.26
0.0224	-0.26
0.02244	-0.28
0.02248	-0.26
0.02252	-0.28
0.02256	-0.3
0.0226	-0.28
0.02264	-0.28
0.02268	-0.3
0.02272	-0.3
0.02276	-0.3
0.0228	-0.3
0.02284	-0.3
0.02288	-0.28
0.02292	-0.3
0.02296	-0.3
0.023	-0.3
0.02304	-0.3
0.02308	-0.32
0.02312	-0.32
0.02316	-0.32
0.0232	-0.3
0.02324	-0.32
0.02328	-0.32
0.02332	-0.32
0.02336	-0.34
0.0234	-0.34
0.02344	-0.34
0.02348	-0.34
0.02352	-0.32
0.02356	-0.34
0.0236	-0.36
0.02364	-0.32
0.02368	-0.36
0.02372	-0.36
0.02376	-0.36
0.0238	-0.34
0.02384	-0.36
0.02388	-0.36
0.02392	-0.36
0.02396	-0.36
0.024	-0.36
0.02404	-0.36
0.02408	-0.36
0.02412	-0.38
0.02416	-0.36
0.0242	-0.36
0.02424	-0.4
0.02428	-0.38
0.02432	-0.38
0.02436	-0.38
0.0244	-0.38
0.02444	-0.38
0.02448	-0.36
0.02452	-0.38
0.02456	-0.38
0.0246	-0.4
0.02464	-0.4
0.02468	-0.4
0.02472	-0.4
0.02476	-0.4
0.0248	-0.4
0.02484	-0.38
0.02488	-0.42
0.02492	-0.38
0.02496	-0.42
0.025	-0.42
0.02504	-0.4
0.02508	-0.44
0.02512	-0.42
0.02516	-0.42
0.0252	-0.42
0.02524	-0.42
0.02528	-0.44
0.02532	-0.44
0.02536	-0.4
0.0254	-0.44
0.02544	-0.42
0.02548	-0.42
0.02552	-0.44
0.02556	-0.46
0.0256	-0.42
0.02564	-0.44
0.02568	-0.44
0.02572	-0.44
0.02576	-0.46
0.0258	-0.44
0.02584	-0.46
0.02588	-0.44
0.02592	-0.44
0.02596	-0.46
0.026	-0.46
0.02604	-0.44
0.02608	-0.46
0.02612	-0.46
0.02616	-0.44
0.0262	-0.46
0.02624	-0.48
0.02628	-0.46
0.02632	-0.46
0.02636	-0.46
0.0264	-0.46
0.02644	-0.48
0.02648	-0.48
0.02652	-0.48
0.02656	-0.48
0.0266	-0.46
0.02664	-0.46
0.02668	-0.48
0.02672	-0.46
0.02676	-0.48
0.0268	-0.5
0.02684	-0.46
0.02688	-0.48
0.02692	-0.48
0.02696	-0.5
0.027	-0.48
0.02704	-0.5
0.02708	-0.48
0.02712	-0.5
0.02716	-0.5
0.0272	-0.5
0.02724	-0.48
0.02728	-0.48
0.02732	-0.48
0.02736	-0.52
0.0274	-0.5
0.02744	-0.5
0.02748	-0.5
0.02752	-0.52
0.02756	-0.54
0.0276	-0.52
0.02764	-0.5
0.02768	-0.5
0.02772	-0.5
0.02776	-0.54
0.0278	-0.52
0.02784	-0.52
0.02788	-0.54
0.02792	-0.52
0.02796	-0.52
0.028	-0.54
0.02804	-0.54
0.02808	-0.52
0.02812	-0.52
0.02816	-0.56
0.0282	-0.5
0.02824	-0.52
0.02828	-0.54
0.02832	-0.54
0.02836	-0.54
0.0284	-0.54
0.02844	-0.54
0.02848	-0.54
0.02852	-0.54
0.02856	-0.56
0.0286	-0.54
0.02864	-0.56
0.02868	-0.54
0.02872	-0.54
0.02876	-0.56
0.0288	-0.54
0.02884	-0.56
0.02888	-0.54
0.02892	-0.56
0.02896	-0.54
0.029	-0.56
0.02904	-0.54
0.02908	-0.54
0.02912	-0.56
0.02916	-0.54
0.0292	-0.56
0.02924	-0.54
0.02928	-0.56
0.02932	-0.56
0.02936	-0.56
0.0294	-0.56
0.02944	-0.56
0.02948	-0.56
0.02952	-0.58
0.02956	-0.54
0.0296	-0.54
0.02964	-0.56
0.02968	-0.56
0.02972	-0.58
0.02976	-0.56
0.0298	-0.56
0.02984	-0.56
0.02988	-0.54
0.02992	-0.54
0.02996	-0.56
0.03	-0.56
0.03004	-0.56
0.03008	-0.56
0.03012	-0.54
0.03016	-0.56
0.0302	-0.56
0.03024	-0.56
0.03028	-0.58
0.03032	-0.56
0.03036	-0.56
0.0304	-0.56
0.03044	-0.58
0.03048	-0.58
0.03052	-0.58
0.03056	-0.56
0.0306	-0.56
0.03064	-0.58
0.03068	-0.56
0.03072	-0.56
0.03076	-0.54
0.0308	-0.58
0.03084	-0.56
0.03088	-0.56
0.03092	-0.56
0.03096	-0.56
0.031	-0.58
0.03104	-0.56
0.03108	-0.56
0.03112	-0.56
0.03116	-0.56
0.0312	-0.58
0.03124	-0.58
0.03128	-0.56
0.03132	-0.58
0.03136	-0.56
0.0314	-0.58
0.03144	-0.56
0.03148	-0.58
0.03152	-0.56
0.03156	-0.58
0.0316	-0.58
0.03164	-0.58
0.03168	-0.58
0.03172	-0.58
0.03176	-0.58
0.0318	-0.58
0.03184	-0.6
0.03188	-0.58
0.03192	-0.58
0.03196	-0.56
0.032	-0.6
0.03204	-0.6
0.03208	-0.58
0.03212	-0.58
0.03216	-0.58
0.0322	-0.58
0.03224	-0.6
0.03228	-0.6
0.03232	-0.58
0.03236	-0.6
0.0324	-0.58
0.03244	-0.6
0.03248	-0.6
0.03252	-0.58
0.03256	-0.58
0.0326	-0.6
0.03264	-0.6
0.03268	-0.58
0.03272	-0.56
0.03276	-0.62
0.0328	-0.6
0.03284	-0.6
0.03288	-0.58
0.03292	-0.6
0.03296	-0.62
0.033	-0.6
0.03304	-0.62
0.03308	-0.6
0.03312	-0.62
0.03316	-0.6
0.0332	-0.6
0.03324	-0.6
0.03328	-0.6
0.03332	-0.6
0.03336	-0.62
0.0334	-0.62
0.03344	-0.62
0.03348	-0.62
0.03352	-0.62
0.03356	-0.62
0.0336	-0.62
0.03364	-0.62
0.03368	-0.6
0.03372	-0.62
0.03376	-0.6
0.0338	-0.62
0.03384	-0.6
0.03388	-0.62
0.03392	-0.6
0.03396	-0.62
0.034	-0.62
0.03404	-0.62
0.03408	-0.64
0.03412	-0.62
0.03416	-0.62
0.0342	-0.62
0.03424	-0.62
0.03428	-0.64
0.03432	-0.62
0.03436	-0.62
0.0344	-0.64
0.03444	-0.62
0.03448	-0.62
0.03452	-0.64
0.03456	-0.64
0.0346	-0.62
0.03464	-0.64
0.03468	-0.64
0.03472	-0.62
0.03476	-0.62
0.0348	-0.62
0.03484	-0.64
0.03488	-0.62
0.03492	-0.62
0.03496	-0.62
0.035	-0.62
0.03504	-0.62
0.03508	-0.62
0.03512	-0.62
0.03516	-0.64
0.0352	-0.62
0.03524	-0.62
0.03528	-0.62
0.03532	-0.62
0.03536	-0.62
0.0354	-0.62
0.03544	-0.62
0.03548	-0.62
0.03552	-0.64
0.03556	-0.62
0.0356	-0.64
0.03564	-0.62
0.03568	-0.62
0.03572	-0.64
0.03576	-0.62
0.0358	-0.64
0.03584	-0.64
0.03588	-0.64
0.03592	-0.64
0.03596	-0.64
0.036	-0.66
0.03604	-0.64
0.03608	-0.62
0.03612	-0.62
0.03616	-0.64
0.0362	-0.64
0.03624	-0.64
0.03628	-0.64
0.03632	-0.64
0.03636	-0.64
0.0364	-0.64
0.03644	-0.64
0.03648	-0.64
0.03652	-0.64
0.03656	-0.66
0.0366	-0.64
0.03664	-0.64
0.03668	-0.64
0.03672	-0.64
0.03676	-0.64
0.0368	-0.66
0.03684	-0.64
0.03688	-0.62
0.03692	-0.66
0.03696	-0.64
0.037	-0.64
0.03704	-0.64
0.03708	-0.66
0.03712	-0.64
0.03716	-0.68
0.0372	-0.66
0.03724	-0.68
0.03728	-0.64
0.03732	-0.66
0.03736	-0.66
0.0374	-0.66
0.03744	-0.66
0.03748	-0.66
0.03752	-0.68
0.03756	-0.68
0.0376	-0.68
0.03764	-0.68
0.03768	-0.66
0.03772	-0.68
0.03776	-0.68
0.0378	-0.68
0.03784	-0.68
0.03788	-0.68
0.03792	-0.7
0.03796	-0.7
0.038	-0.7
0.03804	-0.68
0.03808	-0.68
0.03812	-0.7
0.03816	-0.66
0.0382	-0.7
0.03824	-0.7
0.03828	-0.7
0.03832	-0.7
0.03836	-0.7
0.0384	-0.7
0.03844	-0.7
0.03848	-0.74
0.03852	-0.7
0.03856	-0.72
0.0386	-0.72
0.03864	-0.7
0.03868	-0.7
0.03872	-0.74
0.03876	-0.72
0.0388	-0.72
0.03884	-0.72
0.03888	-0.72
0.03892	-0.74
0.03896	-0.74
0.039	-0.74
0.03904	-0.74
0.03908	-0.74
0.03912	-0.74
0.03916	-0.74
0.0392	-0.76
0.03924	-0.78
0.03928	-0.74
0.03932	-0.76
0.03936	-0.76
0.0394	-0.76
0.03944	-0.74
0.03948	-0.78
0.03952	-0.78
0.03956	-0.78
0.0396	-0.78
0.03964	-0.78
0.03968	-0.78
0.03972	-0.78
0.03976	-0.8
0.0398	-0.8
0.03984	-0.8
0.03988	-0.78
0.03992	-0.8
0.03996	-0.8
0.04	-0.8
0.04004	-0.78
0.04008	-0.82
0.04012	-0.82
0.04016	-0.8
0.0402	-0.82
0.04024	-0.84
0.04028	-0.82
0.04032	-0.84
0.04036	-0.82
0.0404	-0.82
0.04044	-0.82
0.04048	-0.82
0.04052	-0.86
0.04056	-0.86
0.0406	-0.88
0.04064	-0.84
0.04068	-0.86
0.04072	-0.86
0.04076	-0.86
0.0408	-0.88
0.04084	-0.88
0.04088	-0.88
0.04092	-0.86
0.04096	-0.88
0.041	-0.88
0.04104	-0.88
0.04108	-0.88
0.04112	-0.9
0.04116	-0.9
0.0412	-0.9
0.04124	-0.92
0.04128	-0.9
0.04132	-0.9
0.04136	-0.92
0.0414	-0.88
0.04144	-0.92
0.04148	-0.92
0.04152	-0.92
0.04156	-0.94
0.0416	-0.94
0.04164	-0.94
0.04168	-0.94
0.04172	-0.92
0.04176	-0.94
0.0418	-0.92
0.04184	-0.94
0.04188	-0.92
0.04192	-0.92
0.04196	-0.94
0.042	-0.92
0.04204	-0.92
0.04208	-0.9
0.04212	-0.88
0.04216	-0.92
0.0422	-0.9
0.04224	-0.88
0.04228	-0.9
0.04232	-0.88
0.04236	-0.9
0.0424	-0.88
0.04244	-0.88
0.04248	-0.86
0.04252	-0.86
0.04256	-0.86
0.0426	-0.82
0.04264	-0.84
0.04268	-0.82
0.04272	-0.8
0.04276	-0.78
0.0428	-0.8
0.04284	-0.76
0.04288	-0.76
0.04292	-0.76
0.04296	-0.74
0.043	-0.72
0.04304	-0.72
0.04308	-0.7
0.04312	-0.7
0.04316	-0.66
0.0432	-0.66
0.04324	-0.64
0.04328	-0.62
0.04332	-0.62
0.04336	-0.62
0.0434	-0.6
0.04344	-0.56
0.04348	-0.56
0.04352	-0.56
0.04356	-0.52
0.0436	-0.52
0.04364	-0.5
0.04368	-0.48
0.04372	-0.46
0.04376	-0.46
0.0438	-0.44
0.04384	-0.44
0.04388	-0.4
0.04392	-0.42
0.04396	-0.4
0.044	-0.36
0.04404	-0.38
0.04408	-0.34
0.04412	-0.34
0.04416	-0.32
0.0442	-0.3
0.04424	-0.3
0.04428	-0.3
0.04432	-0.3
0.04436	-0.26
0.0444	-0.26
0.04444	-0.24
0.04448	-0.24
0.04452	-0.22
0.04456	-0.2
0.0446	-0.2
0.04464	-0.16
0.04468	-0.18
0.04472	-0.16
0.04476	-0.16
0.0448	-0.14
0.04484	-0.14
0.04488	-0.14
0.04492	-0.12
0.04496	-0.14
0.045	-0.12
0.04504	-0.12
0.04508	-0.1
0.04512	-0.1
0.04516	-0.08
0.0452	-0.08
0.04524	-0.1
0.04528	-0.08
0.04532	-0.08
0.04536	-0.04
0.0454	-0.04
0.04544	-0.04
0.04548	-0.06
0.04552	-0.04
0.04556	-0.02
0.0456	-0.02
0.04564	-0.02
0.04568	-0.02
0.04572	0
0.04573	0