-0.00564	0.004
-0.0056	0.004
-0.00556	0.008
-0.00552	0.004
-0.00548	0.004
-0.00544	0.004
-0.0054	0.008
-0.00536	0.004
-0.00532	0.004
-0.00528	0.004
-0.00524	0.004
-0.0052	0.008
-0.00516	0.008
-0.00512	0.004
-0.00508	0.008
-0.00504	0.008
-0.005	0.012
-0.00496	0.004
-0.00492	0.008
-0.00488	0.004
-0.00484	0.012
-0.0048	0.008
-0.00476	0.008
-0.00472	0.016
-0.00468	0.008
-0.00464	0.004
-0.0046	0.012
-0.00456	0.012
-0.00452	0.012
-0.00448	0.008
-0.00444	0.012
-0.0044	0.008
-0.00436	0.012
-0.00432	0.016
-0.00428	0.008
-0.00424	0.012
-0.0042	0.012
-0.00416	0.016
-0.00412	0.012
-0.00408	0.012
-0.00404	0.016
-0.004	0.02
-0.00396	0.012
-0.00392	0.012
-0.00388	0.016
-0.00384	0.016
-0.0038	0.02
-0.00376	0.016
-0.00372	0.008
-0.00368	0.016
-0.00364	0.016
-0.0036	0.016
-0.00356	0.016
-0.00352	0.02
-0.00348	0.024
-0.00344	0.012
-0.0034	0.016
-0.00336	0.02
-0.00332	0.016
-0.00328	0.02
-0.00324	0.016
-0.0032	0.028
-0.00316	0.024
-0.00312	0.02
-0.00308	0.016
-0.00304	0.02
-0.003	0.02
-0.00296	0.02
-0.00292	0.024
-0.00288	0.02
-0.00284	0.02
-0.0028	0.024
-0.00276	0.024
-0.00272	0.024
-0.00268	0.024
-0.00264	0.024
-0.0026	0.028
-0.00256	0.024
-0.00252	0.028
-0.00248	0.024
-0.00244	0.024
-0.0024	0.024
-0.00236	0.028
-0.00232	0.024
-0.00228	0.024
-0.00224	0.028
-0.0022	0.024
-0.00216	0.024
-0.00212	0.032
-0.00208	0.028
-0.00204	0.028
-0.002	0.028
-0.00196	0.032
-0.00192	0.028
-0.00188	0.024
-0.00184	0.036
-0.0018	0.032
-0.00176	0.036
-0.00172	0.032
-0.00168	0.032
-0.00164	0.028
-0.0016	0.028
-0.00156	0.028
-0.00152	0.032
-0.00148	0.032
-0.00144	0.032
-0.0014	0.036
-0.00136	0.036
-0.00132	0.036
-0.00128	0.036
-0.00124	0.036
-0.0012	0.036
-0.00116	0.036
-0.00112	0.04
-0.00108	0.04
-0.00104	0.036
-0.001	0.04
-0.00096	0.036
-0.00092	0.04
-0.00088	0.036
-0.00084	0.036
-0.0008	0.044
-0.00076	0.04
-0.00072	0.048
-0.00068	0.04
-0.00064	0.04
-0.0006	0.044
-0.00056	0.04
-0.00052	0.044
-0.00048	0.04
-0.00044	0.04
-0.0004	0.044
-0.00036	0.048
-0.00032	0.044
-0.00028	0.044
-0.00024	0.048
-0.0002	0.044
-0.00016	0.044
-0.00012	0.048
-0.00008	0.044
-0.00004	0.048
0	0.048
0.00004	0.044
0.00008	0.048
0.00012	0.048
0.00016	0.048
0.0002	0.052
0.00024	0.052
0.00028	0.052
0.00032	0.048
0.00036	0.052
0.0004	0.052
0.00044	0.052
0.00048	0.052
0.00052	0.052
0.00056	0.052
0.0006	0.052
0.00064	0.052
0.00068	0.052
0.00072	0.052
0.00076	0.056
0.0008	0.056
0.00084	0.056
0.00088	0.052
0.00092	0.056
0.00096	0.056
0.001	0.056
0.00104	0.06
0.00108	0.06
0.00112	0.056
0.00116	0.056
0.0012	0.06
0.00124	0.052
0.00128	0.06
0.00132	0.06
0.00136	0.056
0.0014	0.064
0.00144	0.06
0.00148	0.06
0.00152	0.064
0.00156	0.06
0.0016	0.06
0.00164	0.06
0.00168	0.064
0.00172	0.06
0.00176	0.064
0.0018	0.064
0.00184	0.064
0.00188	0.064
0.00192	0.06
0.00196	0.064
0.002	0.064
0.00204	0.064
0.00208	0.064
0.00212	0.068
0.00216	0.068
0.0022	0.068
0.00224	0.068
0.00228	0.068
0.00232	0.068
0.00236	0.072
0.0024	0.072
0.00244	0.064
0.00248	0.064
0.00252	0.072
0.00256	0.068
0.0026	0.068
0.00264	0.068
0.00268	0.068
0.00272	0.068
0.00276	0.068
0.0028	0.076
0.00284	0.072
0.00288	0.068
0.00292	0.072
0.00296	0.072
0.003	0.072
0.00304	0.072
0.00308	0.068
0.00312	0.068
0.00316	0.076
0.0032	0.072
0.00324	0.072
0.00328	0.076
0.00332	0.072
0.00336	0.072
0.0034	0.072
0.00344	0.076
0.00348	0.08
0.00352	0.072
0.00356	0.072
0.0036	0.076
0.00364	0.072
0.00368	0.076
0.00372	0.076
0.00376	0.076
0.0038	0.076
0.00384	0.08
0.00388	0.076
0.00392	0.076
0.00396	0.076
0.004	0.076
0.00404	0.076
0.00408	0.08
0.00412	0.08
0.00416	0.08
0.0042	0.076
0.00424	0.084
0.00428	0.08
0.00432	0.08
0.00436	0.08
0.0044	0.08
0.00444	0.084
0.00448	0.08
0.00452	0.084
0.00456	0.084
0.0046	0.08
0.00464	0.084
0.00468	0.084
0.00472	0.084
0.00476	0.076
0.0048	0.084
0.00484	0.08
0.00488	0.084
0.00492	0.084
0.00496	0.084
0.005	0.084
0.00504	0.084
0.00508	0.08
0.00512	0.084
0.00516	0.084
0.0052	0.084
0.00524	0.088
0.00528	0.088
0.00532	0.084
0.00536	0.084
0.0054	0.092
0.00544	0.084
0.00548	0.084
0.00552	0.088
0.00556	0.088
0.0056	0.084
0.00564	0.084
0.00568	0.088
0.00572	0.084
0.00576	0.088
0.0058	0.088
0.00584	0.092
0.00588	0.084
0.00592	0.092
0.00596	0.088
0.006	0.088
0.00604	0.092
0.00608	0.092
0.00612	0.088
0.00616	0.092
0.0062	0.092
0.00624	0.088
0.00628	0.092
0.00632	0.092
0.00636	0.092
0.0064	0.088
0.00644	0.096
0.00648	0.092
0.00652	0.088
0.00656	0.088
0.0066	0.092
0.00664	0.092
0.00668	0.096
0.00672	0.092
0.00676	0.096
0.0068	0.088
0.00684	0.092
0.00688	0.092
0.00692	0.088
0.00696	0.092
0.007	0.092
0.00704	0.092
0.00708	0.096
0.00712	0.088
0.00716	0.092
0.0072	0.088
0.00724	0.096
0.00728	0.092
0.00732	0.096
0.00736	0.088
0.0074	0.092
0.00744	0.092
0.00748	0.092
0.00752	0.092
0.00756	0.096
0.0076	0.096
0.00764	0.092
0.00768	0.096
0.00772	0.092
0.00776	0.092
0.0078	0.096
0.00784	0.092
0.00788	0.096
0.00792	0.092
0.00796	0.096
0.008	0.096
0.00804	0.096
0.00808	0.096
0.00812	0.096
0.00816	0.092
0.0082	0.096
0.00824	0.092
0.00828	0.1
0.00832	0.096
0.00836	0.096
0.0084	0.096
0.00844	0.096
0.00848	0.092
0.00852	0.096
0.00856	0.1
0.0086	0.096
0.00864	0.092
0.00868	0.096
0.00872	0.1
0.00876	0.096
0.0088	0.096
0.00884	0.096
0.00888	0.096
0.00892	0.096
0.00896	0.096
0.009	0.1
0.00904	0.096
0.00908	0.096
0.00912	0.1
0.00916	0.096
0.0092	0.096
0.00924	0.096
0.00928	0.096
0.00932	0.096
0.00936	0.1
0.0094	0.096
0.00944	0.096
0.00948	0.092
0.00952	0.096
0.00956	0.092
0.0096	0.096
0.00964	0.096
0.00968	0.096
0.00972	0.088
0.00976	0.096
0.0098	0.092
0.00984	0.096
0.00988	0.096
0.00992	0.096
0.00996	0.1
0.01	0.092
0.01004	0.096
0.01008	0.096
0.01012	0.096
0.01016	0.1
0.0102	0.096
0.01024	0.096
0.01028	0.096
0.01032	0.1
0.01036	0.096
0.0104	0.096
0.01044	0.096
0.01048	0.096
0.01052	0.096
0.01056	0.096
0.0106	0.096
0.01064	0.096
0.01068	0.096
0.01072	0.096
0.01076	0.096
0.0108	0.1
0.01084	0.1
0.01088	0.096
0.01092	0.1
0.01096	0.096
0.011	0.096
0.01104	0.1
0.01108	0.1
0.01112	0.1
0.01116	0.1
0.0112	0.1
0.01124	0.1
0.01128	0.1
0.01132	0.1
0.01136	0.1
0.0114	0.1
0.01144	0.104
0.01148	0.1
0.01152	0.104
0.01156	0.104
0.0116	0.1
0.01164	0.1
0.01168	0.104
0.01172	0.1
0.01176	0.104
0.0118	0.1
0.01184	0.104
0.01188	0.104
0.01192	0.104
0.01196	0.096
0.012	0.1
0.01204	0.104
0.01208	0.104
0.01212	0.104
0.01216	0.104
0.0122	0.104
0.01224	0.104
0.01228	0.104
0.01232	0.1
0.01236	0.104
0.0124	0.1
0.01244	0.104
0.01248	0.104
0.01252	0.104
0.01256	0.1
0.0126	0.1
0.01264	0.104
0.01268	0.104
0.01272	0.1
0.01276	0.104
0.0128	0.1
0.01284	0.1
0.01288	0.104
0.01292	0.104
0.01296	0.104
0.013	0.1
0.01304	0.1
0.01308	0.1
0.01312	0.104
0.01316	0.108
0.0132	0.104
0.01324	0.1
0.01328	0.1
0.01332	0.104
0.01336	0.1
0.0134	0.104
0.01344	0.104
0.01348	0.104
0.01352	0.104
0.01356	0.1
0.0136	0.108
0.01364	0.104
0.01368	0.1
0.01372	0.104
0.01376	0.104
0.0138	0.104
0.01384	0.104
0.01388	0.104
0.01392	0.108
0.01396	0.104
0.014	0.104
0.01404	0.104
0.01408	0.104
0.01412	0.104
0.01416	0.104
0.0142	0.104
0.01424	0.104
0.01428	0.104
0.01432	0.108
0.01436	0.108
0.0144	0.108
0.01444	0.108
0.01448	0.104
0.01452	0.108
0.01456	0.104
0.0146	0.104
0.01464	0.104
0.01468	0.112
0.01472	0.104
0.01476	0.104
0.0148	0.104
0.01484	0.104
0.01488	0.108
0.01492	0.104
0.01496	0.108
0.015	0.104
0.01504	0.108
0.01508	0.108
0.01512	0.104
0.01516	0.108
0.0152	0.108
0.01524	0.108
0.01528	0.108
0.01532	0.104
0.01536	0.112
0.0154	0.104
0.01544	0.108
0.01548	0.104
0.01552	0.104
0.01556	0.108
0.0156	0.108
0.01564	0.104
0.01568	0.112
0.01572	0.104
0.01576	0.108
0.0158	0.104
0.01584	0.108
0.01588	0.108
0.01592	0.104
0.01596	0.108
0.016	0.108
0.01604	0.108
0.01608	0.104
0.01612	0.108
0.01616	0.108
0.0162	0.104
0.01624	0.108
0.01628	0.108
0.01632	0.112
0.01636	0.112
0.0164	0.104
0.01644	0.112
0.01648	0.112
0.01652	0.108
0.01656	0.108
0.0166	0.108
0.01664	0.108
0.01668	0.112
0.01672	0.116
0.01676	0.112
0.0168	0.112
0.01684	0.116
0.01688	0.112
0.01692	0.112
0.01696	0.112
0.017	0.112
0.01704	0.116
0.01708	0.116
0.01712	0.112
0.01716	0.116
0.0172	0.116
0.01724	0.116
0.01728	0.112
0.01732	0.116
0.01736	0.112
0.0174	0.116
0.01744	0.116
0.01748	0.12
0.01752	0.112
0.01756	0.116
0.0176	0.116
0.01764	0.12
0.01768	0.12
0.01772	0.116
0.01776	0.116
0.0178	0.12
0.01784	0.12
0.01788	0.124
0.01792	0.116
0.01796	0.124
0.018	0.116
0.01804	0.12
0.01808	0.12
0.01812	0.124
0.01816	0.124
0.0182	0.124
0.01824	0.12
0.01828	0.124
0.01832	0.124
0.01836	0.124
0.0184	0.128
0.01844	0.128
0.01848	0.124
0.01852	0.128
0.01856	0.128
0.0186	0.124
0.01864	0.128
0.01868	0.124
0.01872	0.128
0.01876	0.128
0.0188	0.124
0.01884	0.128
0.01888	0.128
0.01892	0.128
0.01896	0.132
0.019	0.128
0.01904	0.132
0.01908	0.128
0.01912	0.128
0.01916	0.132
0.0192	0.132
0.01924	0.132
0.01928	0.136
0.01932	0.128
0.01936	0.136
0.0194	0.128
0.01944	0.136
0.01948	0.132
0.01952	0.136
0.01956	0.132
0.0196	0.136
0.01964	0.136
0.01968	0.136
0.01972	0.14
0.01976	0.136
0.0198	0.14
0.01984	0.14
0.01988	0.14
0.01992	0.144
0.01996	0.144
0.02	0.14
0.02004	0.14
0.02008	0.14
0.02012	0.148
0.02016	0.144
0.0202	0.144
0.02024	0.14
0.02028	0.148
0.02032	0.144
0.02036	0.148
0.0204	0.14
0.02044	0.14
0.02048	0.144
0.02052	0.148
0.02056	0.152
0.0206	0.148
0.02064	0.152
0.02068	0.148
0.02072	0.148
0.02076	0.152
0.0208	0.152
0.02084	0.152
0.02088	0.152
0.02092	0.156
0.02096	0.156
0.021	0.156
0.02104	0.156
0.02108	0.152
0.02112	0.156
0.02116	0.156
0.0212	0.16
0.02124	0.16
0.02128	0.16
0.02132	0.16
0.02136	0.16
0.0214	0.16
0.02144	0.164
0.02148	0.16
0.02152	0.164
0.02156	0.168
0.0216	0.164
0.02164	0.164
0.02168	0.168
0.02172	0.164
0.02176	0.168
0.0218	0.164
0.02184	0.168
0.02188	0.164
0.02192	0.168
0.02196	0.164
0.022	0.168
0.02204	0.168
0.02208	0.16
0.02212	0.16
0.02216	0.164
0.0222	0.164
0.02224	0.16
0.02228	0.16
0.02232	0.16
0.02236	0.156
0.0224	0.152
0.02244	0.156
0.02248	0.148
0.02252	0.14
0.02256	0.144
0.0226	0.14
0.02264	0.14
0.02268	0.132
0.02272	0.136
0.02276	0.128
0.0228	0.124
0.02284	0.124
0.02288	0.116
0.02292	0.116
0.02296	0.112
0.023	0.112
0.02304	0.108
0.02308	0.104
0.02312	0.104
0.02316	0.1
0.0232	0.096
0.02324	0.092
0.02328	0.088
0.02332	0.088
0.02336	0.084
0.0234	0.08
0.02344	0.072
0.02348	0.072
0.02352	0.072
0.02356	0.064
0.0236	0.064
0.02364	0.064
0.02368	0.06
0.02372	0.06
0.02376	0.056
0.0238	0.052
0.02384	0.052
0.02388	0.052
0.02392	0.044
0.02396	0.048
0.024	0.048
0.02404	0.048
0.02408	0.044
0.02412	0.036
0.02416	0.04
0.0242	0.036
0.02424	0.036
0.02428	0.032
0.02432	0.032
0.02436	0.028
0.0244	0.032
0.02444	0.024
0.02448	0.028
0.02452	0.024
0.02456	0.024
0.0246	0.024
0.02464	0.02
0.02468	0.02
0.02472	0.02
0.02476	0.02
0.0248	0.012
0.02484	0.02
0.02488	0.012
0.02492	0.012
0.02496	0.016
0.025	0.012
0.02504	0.012
0.02508	0.012
0.02512	0.008
0.02516	0.012
0.0252	0.008
0.02524	0.008
0.02528	0.008
0.02532	0.004
0.02536	0
0.0254	0
0.02544	0.004
0.02548	0.004
0.02552	0
0.02556	0
0.0256	0
0.02564	0
0.02568	0
0.02572	0