-0.00648	0.02
-0.00644	0
-0.0064	0
-0.00636	0.02
-0.00632	0.02
-0.00628	0.02
-0.00624	0.02
-0.0062	0.02
-0.00616	0.02
-0.00612	0.02
-0.00608	0.04
-0.00604	0.02
-0.006	0.02
-0.00596	0.02
-0.00592	0.04
-0.00588	0.02
-0.00584	0.04
-0.0058	0
-0.00576	0.04
-0.00572	0.02
-0.00568	0.04
-0.00564	0.04
-0.0056	0.04
-0.00556	0.02
-0.00552	0.04
-0.00548	0.04
-0.00544	0.04
-0.0054	0.02
-0.00536	0.04
-0.00532	0.04
-0.00528	0.04
-0.00524	0.06
-0.0052	0.04
-0.00516	0.04
-0.00512	0.04
-0.00508	0.04
-0.00504	0.08
-0.005	0.04
-0.00496	0.04
-0.00492	0.06
-0.00488	0.06
-0.00484	0.06
-0.0048	0.06
-0.00476	0.08
-0.00472	0.08
-0.00468	0.06
-0.00464	0.08
-0.0046	0.06
-0.00456	0.06
-0.00452	0.04
-0.00448	0.08
-0.00444	0.06
-0.0044	0.08
-0.00436	0.06
-0.00432	0.08
-0.00428	0.08
-0.00424	0.08
-0.0042	0.08
-0.00416	0.08
-0.00412	0.1
-0.00408	0.08
-0.00404	0.1
-0.004	0.08
-0.00396	0.08
-0.00392	0.1
-0.00388	0.1
-0.00384	0.08
-0.0038	0.1
-0.00376	0.1
-0.00372	0.1
-0.00368	0.1
-0.00364	0.1
-0.0036	0.1
-0.00356	0.1
-0.00352	0.1
-0.00348	0.12
-0.00344	0.12
-0.0034	0.1
-0.00336	0.12
-0.00332	0.12
-0.00328	0.12
-0.00324	0.12
-0.0032	0.12
-0.00316	0.12
-0.00312	0.12
-0.00308	0.14
-0.00304	0.14
-0.003	0.12
-0.00296	0.14
-0.00292	0.14
-0.00288	0.14
-0.00284	0.14
-0.0028	0.14
-0.00276	0.16
-0.00272	0.14
-0.00268	0.16
-0.00264	0.14
-0.0026	0.14
-0.00256	0.16
-0.00252	0.16
-0.00248	0.16
-0.00244	0.16
-0.0024	0.16
-0.00236	0.18
-0.00232	0.16
-0.00228	0.16
-0.00224	0.16
-0.0022	0.18
-0.00216	0.16
-0.00212	0.16
-0.00208	0.16
-0.00204	0.18
-0.002	0.2
-0.00196	0.18
-0.00192	0.18
-0.00188	0.2
-0.00184	0.18
-0.0018	0.18
-0.00176	0.18
-0.00172	0.2
-0.00168	0.2
-0.00164	0.2
-0.0016	0.2
-0.00156	0.22
-0.00152	0.22
-0.00148	0.22
-0.00144	0.2
-0.0014	0.22
-0.00136	0.22
-0.00132	0.22
-0.00128	0.22
-0.00124	0.22
-0.0012	0.22
-0.00116	0.22
-0.00112	0.22
-0.00108	0.22
-0.00104	0.22
-0.001	0.22
-0.00096	0.22
-0.00092	0.22
-0.00088	0.24
-0.00084	0.24
-0.0008	0.24
-0.00076	0.26
-0.00072	0.22
-0.00068	0.24
-0.00064	0.26
-0.0006	0.26
-0.00056	0.24
-0.00052	0.24
-0.00048	0.26
-0.00044	0.26
-0.0004	0.26
-0.00036	0.26
-0.00032	0.28
-0.00028	0.26
-0.00024	0.26
-0.0002	0.28
-0.00016	0.26
-0.00012	0.28
-0.00008	0.28
-0.00004	0.28
0	0.28
0.00004	0.3
0.00008	0.3
0.00012	0.3
0.00016	0.3
0.0002	0.3
0.00024	0.3
0.00028	0.3
0.00032	0.3
0.00036	0.3
0.0004	0.32
0.00044	0.3
0.00048	0.3
0.00052	0.3
0.00056	0.32
0.0006	0.32
0.00064	0.34
0.00068	0.32
0.00072	0.32
0.00076	0.32
0.0008	0.34
0.00084	0.36
0.00088	0.34
0.00092	0.36
0.00096	0.34
0.001	0.34
0.00104	0.34
0.00108	0.36
0.00112	0.34
0.00116	0.34
0.0012	0.36
0.00124	0.36
0.00128	0.36
0.00132	0.36
0.00136	0.36
0.0014	0.38
0.00144	0.38
0.00148	0.36
0.00152	0.36
0.00156	0.38
0.0016	0.38
0.00164	0.38
0.00168	0.38
0.00172	0.4
0.00176	0.38
0.0018	0.4
0.00184	0.4
0.00188	0.4
0.00192	0.38
0.00196	0.38
0.002	0.42
0.00204	0.4
0.00208	0.4
0.00212	0.42
0.00216	0.42
0.0022	0.42
0.00224	0.42
0.00228	0.42
0.00232	0.42
0.00236	0.44
0.0024	0.4
0.00244	0.42
0.00248	0.42
0.00252	0.42
0.00256	0.44
0.0026	0.42
0.00264	0.44
0.00268	0.42
0.00272	0.44
0.00276	0.46
0.0028	0.44
0.00284	0.46
0.00288	0.44
0.00292	0.46
0.00296	0.46
0.003	0.48
0.00304	0.46
0.00308	0.46
0.00312	0.46
0.00316	0.48
0.0032	0.46
0.00324	0.48
0.00328	0.48
0.00332	0.48
0.00336	0.48
0.0034	0.46
0.00344	0.48
0.00348	0.48
0.00352	0.48
0.00356	0.48
0.0036	0.5
0.00364	0.5
0.00368	0.48
0.00372	0.48
0.00376	0.5
0.0038	0.5
0.00384	0.48
0.00388	0.5
0.00392	0.5
0.00396	0.5
0.004	0.5
0.00404	0.5
0.00408	0.52
0.00412	0.52
0.00416	0.52
0.0042	0.52
0.00424	0.5
0.00428	0.52
0.00432	0.52
0.00436	0.54
0.0044	0.5
0.00444	0.54
0.00448	0.54
0.00452	0.52
0.00456	0.54
0.0046	0.56
0.00464	0.54
0.00468	0.54
0.00472	0.56
0.00476	0.54
0.0048	0.56
0.00484	0.56
0.00488	0.54
0.00492	0.56
0.00496	0.56
0.005	0.56
0.00504	0.56
0.00508	0.56
0.00512	0.56
0.00516	0.56
0.0052	0.58
0.00524	0.56
0.00528	0.56
0.00532	0.58
0.00536	0.58
0.0054	0.58
0.00544	0.58
0.00548	0.58
0.00552	0.56
0.00556	0.58
0.0056	0.58
0.00564	0.58
0.00568	0.58
0.00572	0.58
0.00576	0.6
0.0058	0.58
0.00584	0.6
0.00588	0.58
0.00592	0.58
0.00596	0.58
0.006	0.58
0.00604	0.6
0.00608	0.6
0.00612	0.6
0.00616	0.6
0.0062	0.6
0.00624	0.58
0.00628	0.6
0.00632	0.58
0.00636	0.6
0.0064	0.6
0.00644	0.6
0.00648	0.62
0.00652	0.62
0.00656	0.6
0.0066	0.58
0.00664	0.62
0.00668	0.62
0.00672	0.62
0.00676	0.6
0.0068	0.62
0.00684	0.62
0.00688	0.6
0.00692	0.64
0.00696	0.64
0.007	0.62
0.00704	0.62
0.00708	0.62
0.00712	0.64
0.00716	0.64
0.0072	0.64
0.00724	0.64
0.00728	0.64
0.00732	0.62
0.00736	0.64
0.0074	0.66
0.00744	0.64
0.00748	0.64
0.00752	0.62
0.00756	0.62
0.0076	0.66
0.00764	0.66
0.00768	0.64
0.00772	0.64
0.00776	0.64
0.0078	0.66
0.00784	0.66
0.00788	0.66
0.00792	0.66
0.00796	0.66
0.008	0.66
0.00804	0.66
0.00808	0.66
0.00812	0.66
0.00816	0.66
0.0082	0.66
0.00824	0.66
0.00828	0.68
0.00832	0.66
0.00836	0.68
0.0084	0.66
0.00844	0.66
0.00848	0.68
0.00852	0.66
0.00856	0.68
0.0086	0.66
0.00864	0.68
0.00868	0.66
0.00872	0.68
0.00876	0.66
0.0088	0.66
0.00884	0.68
0.00888	0.66
0.00892	0.68
0.00896	0.68
0.009	0.68
0.00904	0.66
0.00908	0.68
0.00912	0.68
0.00916	0.66
0.0092	0.68
0.00924	0.68
0.00928	0.68
0.00932	0.66
0.00936	0.68
0.0094	0.68
0.00944	0.68
0.00948	0.68
0.00952	0.68
0.00956	0.68
0.0096	0.68
0.00964	0.68
0.00968	0.68
0.00972	0.68
0.00976	0.68
0.0098	0.68
0.00984	0.68
0.00988	0.7
0.00992	0.68
0.00996	0.68
0.01	0.68
0.01004	0.68
0.01008	0.7
0.01012	0.68
0.01016	0.7
0.0102	0.7
0.01024	0.68
0.01028	0.68
0.01032	0.68
0.01036	0.7
0.0104	0.7
0.01044	0.7
0.01048	0.7
0.01052	0.68
0.01056	0.7
0.0106	0.7
0.01064	0.7
0.01068	0.72
0.01072	0.7
0.01076	0.7
0.0108	0.72
0.01084	0.7
0.01088	0.7
0.01092	0.7
0.01096	0.7
0.011	0.7
0.01104	0.7
0.01108	0.7
0.01112	0.7
0.01116	0.72
0.0112	0.72
0.01124	0.72
0.01128	0.72
0.01132	0.72
0.01136	0.7
0.0114	0.74
0.01144	0.74
0.01148	0.72
0.01152	0.74
0.01156	0.72
0.0116	0.72
0.01164	0.72
0.01168	0.72
0.01172	0.74
0.01176	0.74
0.0118	0.74
0.01184	0.74
0.01188	0.74
0.01192	0.74
0.01196	0.74
0.012	0.78
0.01204	0.74
0.01208	0.72
0.01212	0.74
0.01216	0.76
0.0122	0.74
0.01224	0.76
0.01228	0.76
0.01232	0.74
0.01236	0.78
0.0124	0.74
0.01244	0.76
0.01248	0.78
0.01252	0.76
0.01256	0.78
0.0126	0.78
0.01264	0.78
0.01268	0.8
0.01272	0.76
0.01276	0.78
0.0128	0.8
0.01284	0.76
0.01288	0.78
0.01292	0.78
0.01296	0.8
0.013	0.8
0.01304	0.8
0.01308	0.8
0.01312	0.82
0.01316	0.82
0.0132	0.8
0.01324	0.78
0.01328	0.82
0.01332	0.8
0.01336	0.82
0.0134	0.82
0.01344	0.84
0.01348	0.82
0.01352	0.82
0.01356	0.8
0.0136	0.82
0.01364	0.82
0.01368	0.84
0.01372	0.82
0.01376	0.82
0.0138	0.82
0.01384	0.84
0.01388	0.84
0.01392	0.86
0.01396	0.84
0.014	0.86
0.01404	0.86
0.01408	0.88
0.01412	0.86
0.01416	0.86
0.0142	0.86
0.01424	0.88
0.01428	0.88
0.01432	0.9
0.01436	0.88
0.0144	0.88
0.01444	0.9
0.01448	0.88
0.01452	0.9
0.01456	0.9
0.0146	0.92
0.01464	0.9
0.01468	0.9
0.01472	0.92
0.01476	0.9
0.0148	0.92
0.01484	0.92
0.01488	0.92
0.01492	0.92
0.01496	0.94
0.015	0.92
0.01504	0.92
0.01508	0.94
0.01512	0.94
0.01516	0.92
0.0152	0.94
0.01524	0.94
0.01528	0.94
0.01532	0.94
0.01536	0.94
0.0154	0.94
0.01544	0.96
0.01548	0.94
0.01552	0.94
0.01556	0.98
0.0156	0.98
0.01564	0.98
0.01568	0.98
0.01572	0.98
0.01576	1
0.0158	1
0.01584	1
0.01588	0.98
0.01592	1
0.01596	1.02
0.016	1
0.01604	1
0.01608	1.02
0.01612	1.02
0.01616	1.04
0.0162	1.04
0.01624	1.04
0.01628	1.04
0.01632	1.04
0.01636	1.04
0.0164	1.06
0.01644	1.04
0.01648	1.04
0.01652	1.04
0.01656	1.08
0.0166	1.06
0.01664	1.06
0.01668	1.06
0.01672	1.08
0.01676	1.06
0.0168	1.06
0.01684	1.06
0.01688	1.08
0.01692	1.08
0.01696	1.06
0.017	1.06
0.01704	1.08
0.01708	1.08
0.01712	1.08
0.01716	1.06
0.0172	1.04
0.01724	1.04
0.01728	1.04
0.01732	1.04
0.01736	1.02
0.0174	1.02
0.01744	1.02
0.01748	1
0.01752	1
0.01756	1
0.0176	1
0.01764	0.98
0.01768	0.98
0.01772	0.96
0.01776	0.94
0.0178	0.96
0.01784	0.94
0.01788	0.92
0.01792	0.92
0.01796	0.88
0.018	0.88
0.01804	0.88
0.01808	0.86
0.01812	0.86
0.01816	0.84
0.0182	0.82
0.01824	0.82
0.01828	0.8
0.01832	0.78
0.01836	0.76
0.0184	0.74
0.01844	0.74
0.01848	0.72
0.01852	0.7
0.01856	0.7
0.0186	0.68
0.01864	0.66
0.01868	0.62
0.01872	0.62
0.01876	0.62
0.0188	0.6
0.01884	0.58
0.01888	0.58
0.01892	0.56
0.01896	0.54
0.019	0.52
0.01904	0.5
0.01908	0.5
0.01912	0.48
0.01916	0.46
0.0192	0.46
0.01924	0.44
0.01928	0.42
0.01932	0.42
0.01936	0.36
0.0194	0.4
0.01944	0.36
0.01948	0.36
0.01952	0.36
0.01956	0.32
0.0196	0.32
0.01964	0.3
0.01968	0.3
0.01972	0.3
0.01976	0.3
0.0198	0.26
0.01984	0.26
0.01988	0.24
0.01992	0.24
0.01996	0.24
0.02	0.2
0.02004	0.22
0.02008	0.22
0.02012	0.2
0.02016	0.18
0.0202	0.18
0.02024	0.16
0.02028	0.16
0.02032	0.16
0.02036	0.16
0.0204	0.14
0.02044	0.12
0.02048	0.14
0.02052	0.12
0.02056	0.12
0.0206	0.1
0.02064	0.1
0.02068	0.12
0.02072	0.1
0.02076	0.08
0.0208	0.06
0.02084	0.08
0.02088	0.06
0.02092	0.06
0.02096	0.04
0.021	0.04
0.02104	0.04
0.02108	0.04
0.02112	0.04
0.02116	0.04
0.0212	0.02
0.02124	0.04
0.02128	0.02
0.02132	0.04
0.02136	0.02
0.0214	0
0.02144	0
0.02148	0
0.02152	-0.02
0.02156	0
0.0216	0
0.02164	0
0.02168	-0.02
0.02172	0